              precision    recall  f1-score   support

           0       0.61      0.59      0.60       958
           1       0.58      0.70      0.63       111
           2       0.56      0.42      0.48      1024
           3       0.89      0.84      0.87      1774
           4       0.62      0.65      0.63      1233
           5       0.52      0.62      0.56      1247
           6       0.78      0.81      0.79       831

    accuracy                           0.67      7178
   macro avg       0.65      0.66      0.65      7178
weighted avg       0.68      0.67      0.67      7178
